name: oliver-env
channels:
  - broad-viral
  - conda-forge
  - bioconda
  - defaults
  - notestaff
  - r
dependencies:
  - _libgcc_mutex=0.1=conda_forge
  - _openmp_mutex=4.5=1_gnu
  - aiohttp=3.6.2=py37h8f50634_1
  - async-timeout=3.0.1=py_1000
  - attrs=20.3.0=pyhd3deb0d_0
  - azure-cosmos=3.1.2=py_0
  - boto3=1.11.9=py_0
  - botocore=1.14.17=py_0
  - brotlipy=0.7.0=py37hb5d75c8_1001
  - c-ares=1.17.1=h36c2ea0_0
  - ca-certificates=2020.12.5=ha878542_0
  - certifi=2020.12.5=py37h89c1867_0
  - cffi=1.14.4=py37hc58025e_1
  - chardet=3.0.4=py37he5f6b98_1008
  - cromwell=54=ha770c72_1
  - cryptography=3.3.1=py37h7f0c10b_0
  - curl=7.71.1=he644dc0_8
  - dbus=1.13.6=hfdff14a_1
  - docutils=0.15.2=py37_0
  - expat=2.2.9=he1b5a44_2
  - findutils=4.6.0=h14c3975_1000
  - gettext=0.19.8.1=h0b5b191_1005
  - git=2.29.2=pl5320h78be0e9_1
  - git-annex=8.20201127=alldep_h27987b5_101
  - glib=2.66.3=h9c3ff4c_1
  - gmp=6.2.1=h58526e2_0
  - idna=2.8=py37_1000
  - jmespath=0.10.0=pyh9f0ad1d_0
  - krb5=1.17.2=h926e7f8_0
  - ld_impl_linux-64=2.35.1=hed1e6ac_0
  - libcurl=7.71.1=hcdd3856_8
  - libedit=3.1.20191231=he28a2e2_2
  - libev=4.33=h516909a_1
  - libffi=3.3=h58526e2_2
  - libgcc-ng=9.3.0=h5dbcf3e_17
  - libglib=2.66.3=h1f3bc88_1
  - libgomp=9.3.0=h5dbcf3e_17
  - libiconv=1.16=h516909a_0
  - libmagic=5.39=hed695b0_0
  - libnghttp2=1.41.0=h8cfc5f6_2
  - libssh2=1.9.0=hab1572f_5
  - libstdcxx-ng=9.3.0=h2ae2ef3_17
  - logzero=1.5.0=py37hc8dfbb8_1003
  - lsof=4.89=0
  - multidict=4.7.5=py37h8f50634_2
  - mypy-boto3-batch=1.14.20.0=pyh9f0ad1d_0
  - mypy-boto3-logs=1.14.20.0=pyh9f0ad1d_0
  - ncurses=6.2=h58526e2_4
  - oliver=1.4.1=py_0
  - openjdk=8.0.265=h516909a_0
  - openssh=8.4p1=h5957347_0
  - openssl=1.1.1h=h516909a_0
  - pcre=8.44=he1b5a44_0
  - pendulum=2.0.5=py37_0
  - perl=5.32.0=h36c2ea0_0
  - pip=20.3.1=pyhd8ed1ab_0
  - popt=1.16=h0b475e3_2002
  - pycparser=2.20=pyh9f0ad1d_2
  - pyopenssl=20.0.0=pyhd8ed1ab_0
  - pysocks=1.7.1=py37he5f6b98_2
  - python=3.7.9=hffdb5ce_0_cpython
  - python-dateutil=2.8.1=py_0
  - python_abi=3.7=1_cp37m
  - pytz=2020.4=pyhd8ed1ab_0
  - pytzdata=2020.1=pyh9f0ad1d_0
  - readline=8.0=he28a2e2_2
  - requests=2.22.0=py37_1
  - rsync=3.1.3=hed695b0_1002
  - s3transfer=0.3.3=py_3
  - setuptools=49.6.0=py37he5f6b98_2
  - six=1.15.0=pyh9f0ad1d_0
  - sqlite=3.34.0=h74cdb3f_0
  - tabulate=0.8.6=py_0
  - tk=8.6.10=hed695b0_1
  - typing-extensions=3.7.4.3=0
  - typing_extensions=3.7.4.3=py_0
  - tzlocal=2.0.0=py_0
  - urllib3=1.25.11=py_0
  - wheel=0.36.1=pyhd3deb0d_0
  - xz=5.2.5=h516909a_1
  - yarl=1.6.3=py37h4abf009_0
  - zlib=1.2.11=h516909a_1010
prefix: /ilya/miniconda3/envs/oliver-env
